-15;,-78;,-93;,51;,-1;,-23;
5080;,5097;,4989;,5068;,4969;,5047;
10069;,9982;,10017;,9923;,9917;,9951;
14936;,14944;,14906;,15086;,14930;,15010;
19980;,19934;,19903;,19990;asdasd,20032;,20045;
25060;,24939;,24974;,25019;,25037;,24956;
29943;,30006;,30091;,30024;,29914;,30004;
35053;,35083;,34933;,34945;,35061;,34970;
39938;,39910;YES,39981;,40038;,40016;,40026;
44947;,44988;,44965;,44991;,44948;,45097;
49920;,50063;,49911;,49900;,49991;,50027;
54939;,55054;,55014;,54945;,55099;,54996;
60042;,60099;,60087;,59920;,60041;,59925;
64988;,64913;,65088;,65055;,64961;,64932;
70006;,69975;,70019;,70099;,70090;,69927;
74943;,74950;,74936;,75054;,74968;,74969;
79956;BBBB,79954;BBBBB,80065;,80008;,79903;,80091;
85009;,85050;,84958;,85036;,85063;,84991;
90012;,90070;,90053;,90088;,90015;,90027;
95084;,94909;,94947;,95020;,94948;,95063;
100028;,100074;,99957;,99923;asdasd,99958;,100039;
105073;,105000;,105067;,104906;,105037;,105007;
110057;,110096;,110052;,109909;,110076;,109976;
115070;,115038;,115075;,115027;,115033;,114995;
120000;,120044;YES,120009;,120047;,119955;,119939;
124903;,125054;,125026;,125008;,124927;,125021;
129919;,129976;,129919;,130057;,129928;,130055;
134918;,135075;,135007;,134945;,134921;,134903;
140083;,139974;,140026;,139914;,140072;,140028;
145086;,145099;,144946;,144948;,144967;,145071;
150050;,150029;,149956;,150068;,149978;,150024;
154993;,154975;,154949;,154997;,154989;,154920;